0.0 70.69981492715358
1.0 70.69882408108815
2.0 70.69585107612906
3.0 70.69089450715373
4.0 70.68395201616715
5.0 70.67502026809332
6.0 70.66409491684631
7.0 70.6511705616492
8.0 70.63624069356018
9.0 70.61929763215845
10.0 70.60033245233514
11.0 70.57933490112896
12.0 70.55629330453858
13.0 70.53119446423834
14.0 70.50402354411473
15.0 70.47476394653289
16.0 70.44339717822959
17.0 70.40990270571457
18.0 70.37425780004222
19.0 70.33643737079122
20.0 70.29641378905853
21.0 70.2541566992351
22.0 70.20963281928397
23.0 70.16280572918416
24.0 70.11363564713554
25.0 70.06207919304009
26.0 70.0080891386812
27.0 69.95161414391447
28.0 69.89259847805923
29.0 69.83098172553775
30.0 69.76669847464761
31.0 69.69967798816975
32.0 69.62984385430696
33.0 69.55711361621316
34.0 69.48139837810888
35.0 69.4026023856762
36.0 69.32062257808579
37.0 69.2353481086178
38.0 69.14665983039284
39.0 69.05442974321589
40.0 68.95852039694559
41.0 68.85878424611391
42.0 68.75506294972412
43.0 68.64718660921936
44.0 68.53497293651807
45.0 68.41822634271746
46.0 68.29673693653446
47.0 68.1702794197316
48.0 68.0386118646024
49.0 67.90147435598882
50.0 67.75858747717473
51.0 67.60965061522634
52.0 67.4543400567797
53.0 67.29230683971561
54.0 67.12317431937288
55.0 66.94653539961847
56.0 66.76194936881794
57.0 66.56893826801398
58.0 66.3669827027436
59.0 66.15551699001303
60.0 65.9339235068176
61.0 65.70152607465117
62.0 65.45758217355134
63.0 65.20127372644365
64.0 64.93169612584673
65.0 64.64784508476411
66.0 64.34860077390107
67.0 64.03270854692306
68.0 63.69875533800062
69.0 63.34514051745694
70.0 62.970039576347205
71.0 62.57135842536751
72.0 62.146675254529214
73.0 61.6931656768703
74.0 61.20750506202601
75.0 60.685739207726826
76.0 60.123110213779995
77.0 59.51381759306032
78.0 58.850683436576425
79.0 58.12467139505741
80.0 57.324175593216566
81.0 56.43393344066003
82.0 55.433295222832406
83.0 54.29333193566663
84.0 52.9716983304835
85.0 51.40276972035281
85.05 51.31613950550424
85.1 51.22861643237453
85.14999999999999 51.140182317465005
85.19999999999999 51.05081841209441
85.24999999999999 50.96050537872404
85.29999999999998 50.869223266030225
85.34999999999998 50.77695148264362
85.39999999999998 50.68366876946902
85.44999999999997 50.589353170492394
85.49999999999997 50.49398200197504
85.54999999999997 50.39753181992661
85.59999999999997 50.29997838574026
85.64999999999996 50.201296629864146
85.69999999999996 50.10146061337263
85.74999999999996 50.00044348729026
85.79999999999995 49.89821744950856
85.84999999999995 49.79475369912288
85.89999999999995 49.69002238800161
85.94999999999995 49.583992569383796
85.99999999999994 49.47663214328409
86.04999999999994 49.36790779846354
86.09999999999994 49.25778495070402
86.14999999999993 49.14622767710018
86.19999999999993 49.03319864605619
86.24999999999993 48.91865904264626
86.29999999999993 48.802568488965264
86.34999999999992 48.68488495906061
86.39999999999992 48.56556468799681
86.44999999999992 48.444562074560224
86.49999999999991 48.32182957706291
86.54999999999991 48.197317601649445
86.59999999999991 48.07097438245024
86.6499999999999 47.942745852856305
86.6999999999999 47.81257550711438
86.7499999999999 47.68040425135566
86.7999999999999 47.54617024307493
86.8499999999999 47.4098087179689
86.89999999999989 47.27125180291965
86.94999999999989 47.13042831377195
86.99999999999989 46.987263536395226
87.04999999999988 46.841678989345326
87.09999999999988 46.6935921662379
87.14999999999988 46.542916255716314
87.19999999999987 46.389559836634135
87.24999999999987 46.23342654577236
87.29999999999987 46.074414715067114
87.34999999999987 45.91241697492769
87.39999999999986 45.74731981976872
87.44999999999986 45.57900313135362
87.49999999999986 45.40733965493526
87.54999999999986 45.23219442247135
87.59999999999985 45.05342411636554
87.64999999999985 44.87087636621964
87.69999999999985 44.68438896995125
87.74999999999984 44.49378902930029
87.79999999999984 44.2988919881782
87.84999999999984 44.099500560454814
87.89999999999984 43.89540353156961
87.94999999999983 43.68637441571906
87.99999999999983 43.47216994721702
88.04999999999983 43.25252838083039
88.09999999999982 43.02716757130916
88.14999999999982 42.795782796768115
88.19999999999982 42.55804428379694
88.24999999999982 42.31359438386458
88.29999999999981 42.06204434034632
88.34999999999981 41.80297057281699
88.3999999999998 41.53591038944509
88.4499999999998 41.26035701849596
88.4999999999998 40.97575382492144
88.5499999999998 40.68148754618978
88.5999999999998 40.37688034074523
88.64999999999979 40.06118038985374
88.69999999999979 39.73355072505403
88.74999999999979 39.39305586337253
88.79999999999978 39.03864571296071
88.84999999999978 38.669136051584566
88.89999999999978 38.283184663125255
88.94999999999978 37.87926191902162
88.99999999999977 37.45561417680043
89.04999999999977 37.010217782604606
89.09999999999977 36.5407206258576
89.14999999999976 36.044366971215695
89.19999999999976 35.517899475674184
89.24999999999976 34.95742954108542
89.29999999999976 34.3582628689595
89.34999999999975 33.71466025449039
89.39999999999975 33.01950243936216
89.44999999999975 32.263808788321036
89.49999999999974 31.43602590822052
89.54999999999974 30.520940176046842
89.59999999999974 29.497947061806123
89.64999999999974 28.33815871235013
89.69999999999973 26.999266764982718
89.74999999999973 25.41567894421106
89.79999999999973 23.477509038988295
89.84999999999972 20.978757916372718
89.89999999999972 17.456949599310228
89.94999999999972 11.436359804513497
89.99999999999972 -213.49512683158963
